 501
 0.100000E+05     0.231212E+02
 0.102329E+05     0.230843E+02
 0.104713E+05     0.230462E+02
 0.107152E+05     0.230072E+02
 0.109648E+05     0.229678E+02
 0.112202E+05     0.229283E+02
 0.114815E+05     0.228892E+02
 0.117490E+05     0.228506E+02
 0.120226E+05     0.228127E+02
 0.123027E+05     0.227764E+02
 0.125893E+05     0.227418E+02
 0.128825E+05     0.227086E+02
 0.131826E+05     0.226764E+02
 0.134896E+05     0.226467E+02
 0.138038E+05     0.226176E+02
 0.141254E+05     0.225903E+02
 0.144544E+05     0.225641E+02
 0.147911E+05     0.225392E+02
 0.151356E+05     0.225150E+02
 0.154882E+05     0.224922E+02
 0.158489E+05     0.224695E+02
 0.162181E+05     0.224485E+02
 0.165959E+05     0.224273E+02
 0.169824E+05     0.224071E+02
 0.173780E+05     0.223876E+02
 0.177828E+05     0.223682E+02
 0.181970E+05     0.223498E+02
 0.186209E+05     0.223314E+02
 0.190546E+05     0.223134E+02
 0.194984E+05     0.222961E+02
 0.199526E+05     0.222785E+02
 0.204174E+05     0.222613E+02
 0.208930E+05     0.222446E+02
 0.213796E+05     0.222282E+02
 0.218776E+05     0.222121E+02
 0.223872E+05     0.221963E+02
 0.229087E+05     0.221808E+02
 0.234423E+05     0.221655E+02
 0.239883E+05     0.221506E+02
 0.245471E+05     0.221358E+02
 0.251189E+05     0.221213E+02
 0.257040E+05     0.221074E+02
 0.263027E+05     0.220935E+02
 0.269153E+05     0.220806E+02
 0.275423E+05     0.220677E+02
 0.281838E+05     0.220557E+02
 0.288403E+05     0.220440E+02
 0.295121E+05     0.220334E+02
 0.301995E+05     0.220232E+02
 0.309030E+05     0.220144E+02
 0.316228E+05     0.220059E+02
 0.323594E+05     0.219995E+02
 0.331131E+05     0.219936E+02
 0.338844E+05     0.219890E+02
 0.346737E+05     0.219862E+02
 0.354813E+05     0.219844E+02
 0.363078E+05     0.219838E+02
 0.371535E+05     0.219846E+02
 0.380189E+05     0.219868E+02
 0.389045E+05     0.219899E+02
 0.398107E+05     0.219939E+02
 0.407380E+05     0.219986E+02
 0.416869E+05     0.220039E+02
 0.426580E+05     0.220094E+02
 0.436516E+05     0.220151E+02
 0.446684E+05     0.220207E+02
 0.457088E+05     0.220260E+02
 0.467735E+05     0.220309E+02
 0.478630E+05     0.220351E+02
 0.489779E+05     0.220385E+02
 0.501187E+05     0.220424E+02
 0.512861E+05     0.220442E+02
 0.524807E+05     0.220445E+02
 0.537032E+05     0.220436E+02
 0.549541E+05     0.220418E+02
 0.562341E+05     0.220388E+02
 0.575440E+05     0.220349E+02
 0.588844E+05     0.220300E+02
 0.602560E+05     0.220241E+02
 0.616595E+05     0.220174E+02
 0.630957E+05     0.220097E+02
 0.645654E+05     0.220013E+02
 0.660693E+05     0.219923E+02
 0.676083E+05     0.219825E+02
 0.691831E+05     0.219719E+02
 0.707946E+05     0.219608E+02
 0.724436E+05     0.219488E+02
 0.741310E+05     0.219364E+02
 0.758578E+05     0.219233E+02
 0.776247E+05     0.219096E+02
 0.794328E+05     0.218953E+02
 0.812830E+05     0.218805E+02
 0.831764E+05     0.218651E+02
 0.851138E+05     0.218492E+02
 0.870964E+05     0.218327E+02
 0.891251E+05     0.218157E+02
 0.912011E+05     0.217983E+02
 0.933254E+05     0.217804E+02
 0.954993E+05     0.217621E+02
 0.977237E+05     0.217434E+02
 0.100000E+06     0.217241E+02
 0.102329E+06     0.217047E+02
 0.104713E+06     0.216849E+02
 0.107152E+06     0.216652E+02
 0.109648E+06     0.216452E+02
 0.112202E+06     0.216255E+02
 0.114815E+06     0.216060E+02
 0.117490E+06     0.215871E+02
 0.120226E+06     0.215687E+02
 0.123027E+06     0.215511E+02
 0.125893E+06     0.215342E+02
 0.128825E+06     0.215182E+02
 0.131826E+06     0.215028E+02
 0.134896E+06     0.214881E+02
 0.138038E+06     0.214739E+02
 0.141254E+06     0.214602E+02
 0.144544E+06     0.214469E+02
 0.147911E+06     0.214340E+02
 0.151356E+06     0.214213E+02
 0.154882E+06     0.214089E+02
 0.158489E+06     0.213968E+02
 0.162181E+06     0.213848E+02
 0.165959E+06     0.213731E+02
 0.169824E+06     0.213615E+02
 0.173780E+06     0.213501E+02
 0.177828E+06     0.213389E+02
 0.181970E+06     0.213279E+02
 0.186209E+06     0.213171E+02
 0.190546E+06     0.213067E+02
 0.194984E+06     0.212966E+02
 0.199526E+06     0.212868E+02
 0.204174E+06     0.212775E+02
 0.208930E+06     0.212686E+02
 0.213796E+06     0.212603E+02
 0.218776E+06     0.212524E+02
 0.223872E+06     0.212451E+02
 0.229087E+06     0.212385E+02
 0.234423E+06     0.212324E+02
 0.239883E+06     0.212271E+02
 0.245471E+06     0.212225E+02
 0.251189E+06     0.212184E+02
 0.257040E+06     0.212151E+02
 0.263027E+06     0.212123E+02
 0.269153E+06     0.212100E+02
 0.275423E+06     0.212083E+02
 0.281838E+06     0.212070E+02
 0.288403E+06     0.212061E+02
 0.295121E+06     0.212055E+02
 0.301995E+06     0.212051E+02
 0.309030E+06     0.212048E+02
 0.316228E+06     0.212046E+02
 0.323594E+06     0.212045E+02
 0.331131E+06     0.212044E+02
 0.338844E+06     0.212041E+02
 0.346737E+06     0.212039E+02
 0.354813E+06     0.212035E+02
 0.363078E+06     0.212030E+02
 0.371535E+06     0.212024E+02
 0.380189E+06     0.212016E+02
 0.389045E+06     0.212005E+02
 0.398107E+06     0.211992E+02
 0.407380E+06     0.211975E+02
 0.416869E+06     0.211956E+02
 0.426579E+06     0.211934E+02
 0.436516E+06     0.211911E+02
 0.446684E+06     0.211888E+02
 0.457088E+06     0.211869E+02
 0.467735E+06     0.211857E+02
 0.478630E+06     0.211855E+02
 0.489779E+06     0.211868E+02
 0.501187E+06     0.211902E+02
 0.512861E+06     0.211963E+02
 0.524807E+06     0.212056E+02
 0.537032E+06     0.212190E+02
 0.549541E+06     0.212372E+02
 0.562341E+06     0.212605E+02
 0.575440E+06     0.212890E+02
 0.588844E+06     0.213229E+02
 0.602560E+06     0.213621E+02
 0.616595E+06     0.214060E+02
 0.630957E+06     0.214549E+02
 0.645654E+06     0.215058E+02
 0.660693E+06     0.215599E+02
 0.676083E+06     0.216151E+02
 0.691831E+06     0.216711E+02
 0.707946E+06     0.217270E+02
 0.724436E+06     0.217824E+02
 0.741310E+06     0.218367E+02
 0.758578E+06     0.218894E+02
 0.776247E+06     0.219402E+02
 0.794328E+06     0.219887E+02
 0.812830E+06     0.220349E+02
 0.831764E+06     0.220776E+02
 0.851138E+06     0.221174E+02
 0.870964E+06     0.221543E+02
 0.891251E+06     0.221879E+02
 0.912011E+06     0.222184E+02
 0.933254E+06     0.222455E+02
 0.954992E+06     0.222691E+02
 0.977237E+06     0.222891E+02
 0.100000E+07     0.223053E+02
 0.102329E+07     0.223188E+02
 0.104713E+07     0.223277E+02
 0.107152E+07     0.223332E+02
 0.109648E+07     0.223355E+02
 0.112202E+07     0.223349E+02
 0.114815E+07     0.223317E+02
 0.117490E+07     0.223265E+02
 0.120226E+07     0.223198E+02
 0.123027E+07     0.223120E+02
 0.125893E+07     0.223035E+02
 0.128825E+07     0.222945E+02
 0.131826E+07     0.222850E+02
 0.134896E+07     0.222751E+02
 0.138038E+07     0.222648E+02
 0.141254E+07     0.222525E+02
 0.144544E+07     0.222405E+02
 0.147911E+07     0.222291E+02
 0.151356E+07     0.222178E+02
 0.154882E+07     0.222069E+02
 0.158489E+07     0.221968E+02
 0.162181E+07     0.221878E+02
 0.165959E+07     0.221803E+02
 0.169824E+07     0.221746E+02
 0.173780E+07     0.221710E+02
 0.177828E+07     0.221697E+02
 0.181970E+07     0.221707E+02
 0.186209E+07     0.221741E+02
 0.190546E+07     0.221798E+02
 0.194984E+07     0.221876E+02
 0.199526E+07     0.221959E+02
 0.204174E+07     0.222044E+02
 0.208930E+07     0.222155E+02
 0.213796E+07     0.222268E+02
 0.218776E+07     0.222381E+02
 0.223872E+07     0.222487E+02
 0.229087E+07     0.222586E+02
 0.234423E+07     0.222672E+02
 0.239883E+07     0.222747E+02
 0.245471E+07     0.222810E+02
 0.251189E+07     0.222862E+02
 0.257040E+07     0.222903E+02
 0.263027E+07     0.222934E+02
 0.269153E+07     0.222957E+02
 0.275423E+07     0.222973E+02
 0.281838E+07     0.222983E+02
 0.288403E+07     0.222985E+02
 0.295121E+07     0.222982E+02
 0.301995E+07     0.222963E+02
 0.309030E+07     0.222925E+02
 0.316228E+07     0.222897E+02
 0.323594E+07     0.222862E+02
 0.331131E+07     0.222819E+02
 0.338844E+07     0.222771E+02
 0.346737E+07     0.222716E+02
 0.354813E+07     0.222656E+02
 0.363078E+07     0.222592E+02
 0.371535E+07     0.222525E+02
 0.380189E+07     0.222457E+02
 0.389045E+07     0.222388E+02
 0.398107E+07     0.222320E+02
 0.407380E+07     0.222254E+02
 0.416869E+07     0.222192E+02
 0.426579E+07     0.222134E+02
 0.436516E+07     0.222083E+02
 0.446684E+07     0.222039E+02
 0.457088E+07     0.222003E+02
 0.467735E+07     0.221976E+02
 0.478630E+07     0.221958E+02
 0.489779E+07     0.221950E+02
 0.501187E+07     0.221954E+02
 0.512861E+07     0.221970E+02
 0.524807E+07     0.221998E+02
 0.537032E+07     0.222040E+02
 0.549541E+07     0.222095E+02
 0.562341E+07     0.222163E+02
 0.575440E+07     0.222244E+02
 0.588844E+07     0.222338E+02
 0.602559E+07     0.222445E+02
 0.616595E+07     0.222565E+02
 0.630957E+07     0.222697E+02
 0.645654E+07     0.222840E+02
 0.660693E+07     0.222995E+02
 0.676083E+07     0.223159E+02
 0.691831E+07     0.223331E+02
 0.707946E+07     0.223511E+02
 0.724436E+07     0.223697E+02
 0.741310E+07     0.223885E+02
 0.758577E+07     0.224066E+02
 0.776247E+07     0.224256E+02
 0.794328E+07     0.224452E+02
 0.812830E+07     0.224644E+02
 0.831764E+07     0.224835E+02
 0.851138E+07     0.225024E+02
 0.870963E+07     0.225210E+02
 0.891251E+07     0.225390E+02
 0.912011E+07     0.225565E+02
 0.933254E+07     0.225733E+02
 0.954992E+07     0.225893E+02
 0.977237E+07     0.226045E+02
 0.100000E+08     0.226185E+02
 0.102329E+08     0.226314E+02
 0.104713E+08     0.226432E+02
 0.107152E+08     0.226539E+02
 0.109648E+08     0.226634E+02
 0.112202E+08     0.226717E+02
 0.114815E+08     0.226788E+02
 0.117490E+08     0.226848E+02
 0.120226E+08     0.226897E+02
 0.123027E+08     0.226936E+02
 0.125893E+08     0.226966E+02
 0.128825E+08     0.226986E+02
 0.131826E+08     0.227001E+02
 0.134896E+08     0.227011E+02
 0.138038E+08     0.227015E+02
 0.141254E+08     0.227015E+02
 0.144544E+08     0.227011E+02
 0.147911E+08     0.227005E+02
 0.151356E+08     0.226996E+02
 0.154882E+08     0.226987E+02
 0.158489E+08     0.226977E+02
 0.162181E+08     0.226969E+02
 0.165959E+08     0.226962E+02
 0.169824E+08     0.226959E+02
 0.173780E+08     0.226960E+02
 0.177828E+08     0.226965E+02
 0.181970E+08     0.226976E+02
 0.186209E+08     0.226994E+02
 0.190546E+08     0.227017E+02
 0.194984E+08     0.227046E+02
 0.199526E+08     0.227081E+02
 0.204174E+08     0.227120E+02
 0.208930E+08     0.227162E+02
 0.213796E+08     0.227206E+02
 0.218776E+08     0.227252E+02
 0.223872E+08     0.227299E+02
 0.229087E+08     0.227345E+02
 0.234423E+08     0.227390E+02
 0.239883E+08     0.227433E+02
 0.245471E+08     0.227474E+02
 0.251189E+08     0.227512E+02
 0.257040E+08     0.227547E+02
 0.263027E+08     0.227578E+02
 0.269153E+08     0.227606E+02
 0.275423E+08     0.227631E+02
 0.281838E+08     0.227651E+02
 0.288403E+08     0.227669E+02
 0.295121E+08     0.227683E+02
 0.301995E+08     0.227694E+02
 0.309029E+08     0.227702E+02
 0.316228E+08     0.227707E+02
 0.323594E+08     0.227709E+02
 0.331131E+08     0.227709E+02
 0.338844E+08     0.227705E+02
 0.346737E+08     0.227700E+02
 0.354813E+08     0.227691E+02
 0.363078E+08     0.227681E+02
 0.371535E+08     0.227668E+02
 0.380189E+08     0.227654E+02
 0.389045E+08     0.227637E+02
 0.398107E+08     0.227619E+02
 0.407380E+08     0.227599E+02
 0.416869E+08     0.227577E+02
 0.426579E+08     0.227554E+02
 0.436516E+08     0.227529E+02
 0.446684E+08     0.227502E+02
 0.457088E+08     0.227475E+02
 0.467735E+08     0.227446E+02
 0.478630E+08     0.227416E+02
 0.489779E+08     0.227385E+02
 0.501187E+08     0.227352E+02
 0.512861E+08     0.227319E+02
 0.524807E+08     0.227284E+02
 0.537032E+08     0.227249E+02
 0.549541E+08     0.227213E+02
 0.562341E+08     0.227176E+02
 0.575440E+08     0.227138E+02
 0.588844E+08     0.227100E+02
 0.602559E+08     0.227060E+02
 0.616595E+08     0.227021E+02
 0.630957E+08     0.226980E+02
 0.645654E+08     0.226939E+02
 0.660693E+08     0.226898E+02
 0.676083E+08     0.226856E+02
 0.691831E+08     0.226814E+02
 0.707946E+08     0.226771E+02
 0.724436E+08     0.226728E+02
 0.741310E+08     0.226684E+02
 0.758577E+08     0.226641E+02
 0.776247E+08     0.226597E+02
 0.794328E+08     0.226552E+02
 0.812830E+08     0.226508E+02
 0.831764E+08     0.226463E+02
 0.851138E+08     0.226419E+02
 0.870963E+08     0.226374E+02
 0.891251E+08     0.226329E+02
 0.912011E+08     0.226284E+02
 0.933254E+08     0.226239E+02
 0.954992E+08     0.226194E+02
 0.977237E+08     0.226149E+02
 0.100000E+09     0.226105E+02
 0.102329E+09     0.226060E+02
 0.104713E+09     0.226015E+02
 0.107152E+09     0.225971E+02
 0.109648E+09     0.225926E+02
 0.112202E+09     0.225882E+02
 0.114815E+09     0.225838E+02
 0.117490E+09     0.225794E+02
 0.120226E+09     0.225750E+02
 0.123027E+09     0.225707E+02
 0.125893E+09     0.225663E+02
 0.128825E+09     0.225620E+02
 0.131826E+09     0.225577E+02
 0.134896E+09     0.225535E+02
 0.138038E+09     0.225492E+02
 0.141254E+09     0.225450E+02
 0.144544E+09     0.225408E+02
 0.147911E+09     0.225366E+02
 0.151356E+09     0.225325E+02
 0.154882E+09     0.225284E+02
 0.158489E+09     0.225243E+02
 0.162181E+09     0.225202E+02
 0.165959E+09     0.225161E+02
 0.169824E+09     0.225120E+02
 0.173780E+09     0.225080E+02
 0.177828E+09     0.225039E+02
 0.181970E+09     0.224999E+02
 0.186209E+09     0.224959E+02
 0.190546E+09     0.224919E+02
 0.194984E+09     0.224879E+02
 0.199526E+09     0.224839E+02
 0.204174E+09     0.224799E+02
 0.208930E+09     0.224759E+02
 0.213796E+09     0.224719E+02
 0.218776E+09     0.224679E+02
 0.223872E+09     0.224638E+02
 0.229087E+09     0.224598E+02
 0.234423E+09     0.224558E+02
 0.239883E+09     0.224517E+02
 0.245471E+09     0.224476E+02
 0.251189E+09     0.224436E+02
 0.257040E+09     0.224395E+02
 0.263027E+09     0.224353E+02
 0.269153E+09     0.224312E+02
 0.275423E+09     0.224271E+02
 0.281838E+09     0.224229E+02
 0.288403E+09     0.224187E+02
 0.295121E+09     0.224145E+02
 0.301995E+09     0.224103E+02
 0.309029E+09     0.224061E+02
 0.316228E+09     0.224018E+02
 0.323594E+09     0.223975E+02
 0.331131E+09     0.223933E+02
 0.338844E+09     0.223889E+02
 0.346737E+09     0.223846E+02
 0.354813E+09     0.223802E+02
 0.363078E+09     0.223759E+02
 0.371535E+09     0.223715E+02
 0.380189E+09     0.223671E+02
 0.389045E+09     0.223627E+02
 0.398107E+09     0.223582E+02
 0.407380E+09     0.223537E+02
 0.416869E+09     0.223493E+02
 0.426579E+09     0.223448E+02
 0.436516E+09     0.223402E+02
 0.446683E+09     0.223357E+02
 0.457088E+09     0.223312E+02
 0.467735E+09     0.223266E+02
 0.478630E+09     0.223220E+02
 0.489779E+09     0.223174E+02
 0.501187E+09     0.223128E+02
 0.512861E+09     0.223082E+02
 0.524807E+09     0.223036E+02
 0.537032E+09     0.222989E+02
 0.549541E+09     0.222942E+02
 0.562341E+09     0.222896E+02
 0.575440E+09     0.222849E+02
 0.588844E+09     0.222802E+02
 0.602559E+09     0.222754E+02
 0.616595E+09     0.222707E+02
 0.630957E+09     0.222659E+02
 0.645654E+09     0.222612E+02
 0.660693E+09     0.222564E+02
 0.676083E+09     0.222516E+02
 0.691831E+09     0.222468E+02
 0.707946E+09     0.222420E+02
 0.724436E+09     0.222372E+02
 0.741310E+09     0.222323E+02
 0.758577E+09     0.222275E+02
 0.776247E+09     0.222226E+02
 0.794328E+09     0.222178E+02
 0.812830E+09     0.222129E+02
 0.831764E+09     0.222080E+02
 0.851138E+09     0.222031E+02
 0.870963E+09     0.221981E+02
 0.891251E+09     0.221932E+02
 0.912011E+09     0.221882E+02
 0.933254E+09     0.221833E+02
 0.954992E+09     0.221783E+02
 0.977237E+09     0.221733E+02
 0.100000E+10     0.221683E+02
